10.4179
6.35844
4.62459
1.46917
0.586727
3.37305
2.84011
0.89993
2.29749
1.37833
4.72844
0.518308
3.77901
4.55488
2.68543
5.99855
6.8603
4.33211
4.95953
4.38441
1.85146
0.945648
1.34388
0.908509
3.4407
11.5164
0.325167
1.22898
4.00849
2.95265
0.796186
2.0101
0.540468
5.2274
1.65956
3.174
1.39656
0.802446
0.418288
0.531323
4.18418
0.228046
2.26644
0.567171
1.00965
2.79447
7.16805
3.32573
4.97159
12.1595
3.1803
4.17045
2.17784
1.30973
1.13022
1.5173
3.21324
9.03487
1.30433
1.59342
0.302587
7.18111
5.51276
2.56279
1.79777
6.7898
1.64856
3.22432
3.23786
9.91856
3.49633
5.95049
1.92346
1.11923
0.328427
2.6006
1.74491
2.60422
1.06212
1.18559
4.29613
5.15368
1.00116
2.53884
1.47855
4.33863
0.0478619
3.3829
0.272277
0.625497
2.94712
1.68886
1.65922
4.77627
1.49931
1.36891
7.34344
3.38533
2.373
3.13002
2.05008
5.04335
1.17815
1.76751
1.12282
2.82762
1.48809
2.9348
1.06843
1.10333
3.39091
3.90864
3.01113
3.34464
0.849772
1.16603
0.67654
2.76302
2.06744
3.42888
5.48092
7.15734
1.28585
4.19036
3.98757
3.0484
0.025648
2.99276
0.970177
4.72635
1.37099
0.0644477
4.76191
1.09625
1.14935
5.04013
5.8921
4.23788
5.93811
2.4549
4.79112
3.57088
1.59893
0.208216
4.34657
0.577742
0.361971
2.4583
4.07835
0.353704
6.21504
0.971007
7.33295
1.11413
2.12795
1.29046
1.91223
1.89366
2.83757
1.89008
2.96218
4.21468
2.8818
0.255341
4.42252
2.19076
2.47131
5.25835
7.49591
1.75267
0.853665
1.67421
3.97903
1.27752
5.18097
1.57284
2.45445
1.91443
6.61898
1.93202
0.955051
4.08624
1.3537
0.849361
2.12964
3.63905
0.40226
1.93126
1.14024
6.45052
0.339745
10.8022
3.73224
0.914325
1.25545
0.802617
1.95336
1.7899
5.0352
2.30724
2.76217
1.71947
7.53056
8.70876
0.164181
1.25816
2.43353
2.23288
1.07198
0.568761
8.92326
2.25901
0.90968
3.32618
4.56604
2.02814
5.59826
1.36413
2.38822
6.08071
1.87125
7.11075
4.05081
2.67156
2.30863
4.44027
1.69637
5.12777
3.16266
0.534123
0.078378
0.562836
0.430514
7.78015
6.46782
0.575906
2.72054
0.229655
1.85703
1.05945
2.72818
8.84103
0.174601
6.89451
3.94122
2.64927
6.20879
1.79497
2.54366
