4.6144
1.6942
1.56128
0.713911
0.186932
5.13477
0.420403
8.44205
4.19392
2.51831
2.55737
0.359954
1.93032
0.962978
0.356719
0.470429
0.611839
2.93513
1.13319
1.18556
1.94503
0.35091
0.663146
3.39349
2.8293
0.962891
1.0968
1.96575
1.87507
1.31464
0.16832
0.921771
0.675824
1.4234
0.347428
0.983482
0.634384
1.11248
1.52837
3.49895
1.57503
1.55812
3.72883
3.9826
2.94683
0.736637
1.01565
2.04965
0.0158475
4.20491
1.36899
1.47769
1.12815
1.18899
0.406851
1.61984
1.80382
3.02502
0.0168876
0.714593
0.160427
1.92553
4.13542
0.846745
1.0238
0.523119
0.305125
2.62635
0.897315
0.795145
1.4406
2.02266
0.735477
0.653449
1.66293
0.172546
1.96066
0.12231
2.03326
0.727179
0.722211
3.19023
1.69757
0.987615
2.38011
2.80629
0.15364
3.6895
0.84451
0.490762
1.07979
1.30967
2.07593
0.587136
1.148
1.89355
2.74508
1.33122
6.31758
0.0741014
0.559702
2.19272
2.13262
0.890867
2.77276
0.24388
1.11488
3.52977
1.38368
3.44366
0.363004
0.535492
4.96099
3.47939
1.38238
2.2565
0.80867
3.98258
0.369049
0.483622
1.16144
0.664839
2.11013
0.12372
1.76465
0.824767
2.58311
3.15783
0.517154
0.0121921
1.14537
0.697742
1.55152
4.58648
3.64468
1.35516
1.4582
3.23759
1.02872
1.46515
0.218885
0.911636
1.68896
1.58409
5.71533
0.492468
1.15748
0.174588
1.93024
0.185378
5.17679
0.342577
0.872273
3.84178
3.92624
2.89713
3.24661
1.14861
2.18444
4.89072
2.51838
0.652688
0.352515
2.96439
4.9963
1.95927
0.816749
1.87514
0.478969
0.363068
1.89452
0.240153
3.24962
1.75923
13.7719
0.713487
1.28361
1.79047
0.167922
1.21265
6.20626
2.3654
0.678253
1.86174
3.67889
5.30949
2.62965
0.224093
0.660824
0.506532
0.565278
2.11255
4.66754
1.60567
5.43619
1.10445
1.21239
0.041077
0.512265
2.72317
1.63558
2.99262
0.0565621
0.347564
0.797846
0.147001
1.58385
0.189969
3.94358
1.91297
0.487123
0.885933
1.19905
0.0687143
0.10043
4.32083
1.01224
0.337815
2.19411
0.140433
4.07996
3.52746
1.48029
0.668055
0.302944
5.81323
0.92394
3.76674
1.49491
1.9409
1.73117
0.454291
1.40491
0.336584
1.90597
8.47157
0.320126
4.62383
1.39925
2.56475
0.816398
2.63702
1.02793
2.37733
0.906171
1.3018
4.98331
5.67762
0.582074
